1.453938557802497122e+01 -7.159185974544279851e+00
-5.769700923825281080e+01 2.082198115304847974e+01
-8.747302249676565111e+00 4.854516161829677401e+01
-2.917198718119454171e+01 2.387929997443556829e+01
-3.984821025602057176e+01 -3.238839442868830787e+01
4.605150679772196298e+01 8.852102570414629668e+00
-3.507769136268348831e+01 1.054911984933950286e+01
-1.688740205938864847e+01 3.209188389643654915e+01
-3.202037544235385980e+01 1.901741925381919529e+01
2.275990637795589677e+01 2.282554355246607614e+01
-1.292179086579397307e+01 -2.828232426688657952e+01
-2.606063067900897146e+00 2.701195542842039998e+01
3.470496407141857986e+01 1.528839489981503696e+01
-3.257569008131123667e+01 2.804879636192955772e+01
4.571639439950602402e+00 2.482425908613071996e+01
-1.634171960312220673e+00 1.836118524673972985e+01
-3.051904793385212855e+01 -5.867077295562627803e+00
4.275073303229871868e+01 -1.990757118154218075e+00
-4.926737712464678509e+00 -2.152509612475252254e+01
-2.443469615055219890e+01 3.489669672864426531e+01
-1.203207512436702586e+01 2.959917585644917537e+01
-4.533782923620022842e+01 -2.772122466341870961e+01
-2.370186860548147934e+01 1.255425526812093828e+01
3.324334577010040448e+01 1.070497976469661694e+01
7.545427201860118949e+00 1.879244406606938256e+01
-2.005361990579735298e+00 1.246023856715771139e+01
2.475801216806578608e+01 1.814577035111512160e+01
3.119064690580206545e+01 1.317252592281523782e+01
9.208765907908007975e+00 2.009407411495189066e+01
1.420854557946161556e+00 1.769496372908499637e+01
6.816285745816253794e+00 1.714039934244894781e+01
-2.450010843850620290e+01 2.502063007539723927e+01
-3.515421187395070746e+01 -2.124966326789002125e+01
2.527771953709492436e+01 1.556342518283687326e+01
3.777323810233063739e+01 -1.883769224087647798e+00
-2.063315908904106166e+01 2.779794663825993339e+01
8.092857423060067390e+00 -2.350407925955149224e+01
-9.079911103938609784e+00 1.077636284285199508e+01
3.886960324185839255e+01 1.018186299486013802e+01
4.102633391785593631e+01 9.061911523168189930e+00
9.725983180127926175e+00 1.400927531766977374e+01
2.148943391582469786e+01 1.514678935180158170e+01
7.555636755003862781e+00 1.678004759379658850e+01
-4.662495652194182938e+00 -2.322929052132161232e+01
-1.443563867853867322e+01 3.915685035189425633e+01
3.003799984830217440e+01 4.463217338087916986e+00
-1.836238299628119108e+01 -3.021054000220756919e+01
-8.535842675840786598e+00 2.412766366659571560e+01
1.328420968727098206e+01 2.014655633311697258e+01
6.457676578567957293e+00 -1.926760932629084166e+01
5.450984041792132473e+00 1.232012419611741549e+01
2.520354235611964100e+01 1.201167021400502044e+01
1.889266803339409551e+00 1.522231140450503872e+01
-8.021168035425381149e+00 1.647889539890737254e+01
-2.016784414835406380e+01 2.092950976755626247e+00
8.760195591630544953e+00 1.640408676242400787e+01
-1.025529009942737346e+01 3.328260172474135459e+01
-5.229816309680646924e+00 1.018982143170671328e+01
3.156106220486141112e+01 1.008157195789297056e+01
-9.429857169193303079e+00 2.860386770437639470e+01
2.207002385251207244e+01 1.106509665795700847e+01
7.395730627359246856e-02 3.505062655042848974e+01
1.194410676510580771e+01 1.196353075458602788e+01
1.575859837471519498e+01 1.407180134458734422e+01
-6.992312437625207266e+00 1.589051537061261321e+01
4.540517699602113488e+00 1.428088776246054614e+01
1.973334682528570028e+01 1.353748300594882359e+01
-1.535318424953060701e+00 1.463368105763862737e+01
6.750635768545898863e+00 1.194572387186177487e+01
8.795641427260497025e+00 1.204079547280192131e+01
-1.762264598591839260e+01 6.254590817436990413e+00
1.819456323459925784e+01 1.095976826902907142e+01
-4.805316258589091838e+00 1.795850392991131983e+01
3.001809276699844276e+01 -1.127415404061438808e+00
-1.605853016772027075e+01 -2.068354454652048702e+01
-1.120782317609373635e+00 -1.842676543425869795e+01
3.287684895994258483e+01 7.605754129031508270e+00
-1.614459288409270954e+01 2.195716829305931483e+01
1.647378486254682883e+01 1.043562483274670427e+01
1.421626789115488565e+00 4.964671701721853125e+00
-2.372413058013146525e+01 2.664812907121739372e+01
3.124065368686569499e+01 -4.743194339691792827e+00
-3.799527075545980903e+00 1.154851872483659214e+01
1.508199232872315498e+01 1.213650748663636492e+01
-2.486699619499858738e+00 -2.806543852524078630e+01
9.812601443273216262e+00 1.060021235874241441e+01
3.742652173842467533e+01 9.925336395634763775e+00
2.505410039554569579e+01 6.836411800083314283e+00
-2.905706077631473150e+01 1.945175934499677695e+01
-1.059533269506100162e+01 9.480419268089283591e+00
2.801108228351559859e+01 6.317708138437960308e+00
2.432171443991953197e+01 1.184852684835244752e+01
9.273835223898476698e+00 1.019905818426225430e+01
1.044378252770618687e+00 9.714169536398907567e+00
2.987286608502614982e+01 -7.227333035959583540e+00
3.754188550833485039e+01 8.834216042802321311e+00
-2.332641684653699699e+01 4.461655771317961872e+00
-3.104070847641995812e+01 1.994654526336427836e+01
-2.852152143970066334e+01 -3.229594561998872138e+01
-9.006597560902743993e+00 -1.752195532742115347e+01
-1.632827203409585337e+01 -2.108364753702286976e+01
-9.506460892515187666e+00 3.700064942079417563e+01
2.060990245516504160e+01 8.671016290606800681e+00
4.174229006407609077e+00 1.547566285290133870e+01
-7.953746707408403616e+00 8.311127187703499786e+00
2.725319457496575737e+01 -1.136991232559962928e+00
-4.236987571459329871e+01 -2.226729207412383715e+01
-8.736652980802505297e+00 1.157294637786736580e+01
-2.441622581315317220e+01 1.507212781003725022e+00
9.039101894186766017e+00 8.711889695993843219e+00
9.711294245010215320e+00 7.146327736034543854e+00
1.791704258146030959e+00 1.139539947593051927e+01
-1.374586419775854162e+00 6.458921699109868797e+00
2.334303631864428752e+01 6.360493925889787903e+00
2.232666106797720929e+01 8.731888325298038822e+00
2.615388661886954935e+01 1.816546213435069335e-01
-8.649549448375758232e+00 2.143196692021744809e+01
1.028454007442911866e+01 1.320120985423502624e+01
1.807638989264208007e+01 8.517759020458420594e+00
-2.115301370836082739e+01 4.391676635469634604e+00
2.955502078191124760e+00 2.015235646021518079e+01
-6.199417581480700434e+00 1.178550044064844649e+01
-1.673022160839762051e+01 2.432034950918674809e+01
7.838228424754952961e+00 -1.970837952292336581e+01
8.273399582636489669e+00 7.638156113296568073e+00
8.658916533621468403e+00 4.632316045942679317e+00
-7.463214948858459152e+00 4.200875614188512408e+00
-1.838812260129066800e+01 -2.416828533320322592e+01
-1.646625081313196759e+01 -1.331222455344729738e+01
1.476715719088086409e+01 7.758721903846225842e+00
1.774522092361955217e+01 6.664097695944382949e+00
4.161649408113936133e+00 1.088981526435207137e+01
2.290270662884568864e+01 4.202481946792795853e+00
-6.914358056354326543e+00 4.966141439715832107e+00
-2.451545885686334714e+01 1.927504021183517224e+01
1.788744988693325766e+00 1.247618941244716950e+01
-2.129535006727346858e+00 8.902467523227109325e+00
-1.639089103388795721e+01 2.878347809063754781e+01
1.132807779916026547e+01 8.662115777357042745e+00
-2.043365982736594422e+00 1.111844960532655158e+01
2.737588579531482225e+01 8.567272338614822402e+00
1.519558278606307411e+01 1.365325836867897991e+01
2.316587560127063838e+01 3.544409321691438741e+00
2.916300630223300061e+01 3.365622637875077816e-05
-8.290376332656094860e+00 -2.196301473256410119e+01
-2.053615721974220065e+01 2.206116577311297888e+01
-4.434969610722459876e+00 8.498754887674413894e+00
2.632955632340768126e+00 1.718998841366661878e+01
-2.855005333190047878e+01 -1.828449102368380208e+00
7.889494494635595601e+00 9.918379279171574581e+00
1.197469669786776159e+01 1.496518643120256442e+01
-4.048345721129853025e+00 3.365385571658022457e+01
2.011539712268890412e+01 2.961339852280841622e+00
2.889587733882617826e+01 -1.753042366207174796e+00
-2.755408490623013407e+00 1.632808010011730460e+01
-9.432425150703782180e+00 5.994193802941337523e+00
-5.324600407329496576e+00 1.562835444177879651e+01
9.833140880059934474e+00 2.895622934483311095e+00
1.345820304095583619e+00 1.307066153306880985e+01
-7.467955151626277654e+00 7.878834043947693822e+00
8.035640959694643204e-01 -1.765204125505433197e+01
-1.735633976453424410e+01 5.382066560695626833e+00
1.903170815015014505e-01 9.083387198726443401e+00
-3.020055153360470701e+00 1.073691085852939509e+01
6.206720623076417809e+00 1.001783503277237131e+01
3.289224113182072529e+01 -2.987014975112347148e+00
-3.422995610380362308e+01 7.495069625995040674e+00
9.365308106393854359e+00 -1.533632318990408905e+01
2.136100990208776906e+01 1.221149946347123150e+00
-1.715257556731212674e+01 -3.750619399282069111e+01
2.024950529226675400e+01 6.293601286203151624e+00
-3.606916787138208491e+01 -1.472011157882494103e+01
3.220576193894358141e+01 8.111897886241875355e+00
-1.875088021207874078e+01 -1.707938165326109825e+01
-2.686162157129350803e+01 1.648769141896831414e+01
2.752923574019147779e+01 8.746999284214242110e+00
-2.170103350930492070e+01 1.760985850125239693e+01
-1.088178314118585455e+01 -1.838353205737565332e+01
-1.609146859436844323e+01 2.858475636454425484e+00
5.584705051074807081e+00 -1.811938649577665927e+01
1.133199417819217913e+01 6.388992417279025560e+00
1.576993859937806519e+01 6.240963774261374830e+00
-1.496865404819072376e+00 8.186573480468979369e+00
1.733005364957447370e+01 7.361937755683100271e+00
-6.644776859486221987e+00 2.523272007746145462e+01
6.735258173750157340e+00 8.615346601954895434e+00
-3.660485192856552494e+00 -2.086122346644761905e+01
2.608012649637890590e+01 -4.549174609795644031e+00
-1.527205245526749522e+00 1.324377120472851566e+01
2.345067373387525578e+00 1.931600969542894219e+01
1.022189754929911309e+01 2.164773041577686907e+00
6.427595454331266112e+00 9.209425415780016166e+00
1.547612556188749444e+01 6.283759146087224856e+00
-1.861733464277739358e+01 3.499480215189197452e+01
-4.578394626581347104e+00 2.566275618083691512e+01
3.675244472964312337e+01 5.007582081546932962e+00
1.253273363497119597e+01 5.863484960572730387e+00
4.012334808139011777e+00 8.802609336413883767e+00
-1.235610442569596579e+01 2.200840830506502854e+01
-1.333803676447346120e+01 3.280774209673832598e+00
8.243231093404094878e+00 1.137264385200929517e+01
2.741648856554558478e+01 4.080518184259752879e+00
-2.920751468964317965e+01 1.111304575965843888e+01
-2.273596301432962541e+00 -1.674305631527749938e+01
-2.708589532090283081e-01 1.760164385623703609e+01
-1.037461731146141375e+01 1.739545090276376627e+01
2.461085982759502500e+01 -3.706406398586540973e+00
-2.347920898957005775e+01 7.990532420693027049e+00
2.638135424004716612e+01 -3.261165756248494585e+00
5.117841964302064284e+00 8.264521273752620800e+00
-2.121661227189206400e+01 -2.113478312471342591e+01
2.023061120846978866e+01 4.385605574502839943e+00
1.612039651664808915e+01 1.178928789919513065e+01
-3.360350898989012336e+01 -1.096929115503257890e+01
-5.818192342111484727e+00 -1.752766717761460669e+01
3.855473317617707174e+00 1.580059803245617367e+01
-4.019926036814309356e+01 -1.978763797336722163e+01
-1.345948041223149971e+01 -3.322104925115846896e+01
1.089047511639500243e+01 4.574264575642532193e+00
-1.887981096445288642e+01 7.843714958267832493e+00
2.303377923626715074e+01 -1.703259212200439521e+01
-1.478804849831398194e+01 -1.553855682529442994e+01
3.345019216029402553e+00 5.118805859644665723e+00
3.861700172082325189e+00 7.025412590749274599e+00
-1.502242062082020269e+01 -1.932586329128971769e+01
3.349018527796284950e+00 5.654141152371164658e+00
3.213982865687881230e+01 -5.060113370612946859e+00
-7.707778047390302589e+00 -8.359242786147888182e+00
1.875678869285761108e+00 1.519616778973703752e+01
7.660416478157026532e+00 4.467226356275263655e+00
-1.268952363833286334e+01 -1.288329148276443070e-01
2.221802425727530661e+01 5.698723785773495143e-01
-2.430346788383685563e+01 -3.057011723010984383e+01
3.604842395797084986e+00 -1.555668307395417571e+01
-3.175662654233046833e-01 8.728543286802397105e-01
1.040808392860136067e+01 5.380910577128444672e+00
-8.671780819000870721e+00 -2.653494117420018483e+01
-4.351430231176937014e+01 -2.919003526637923329e+01
-2.193176534812184997e+01 1.024387444607017628e+01
5.646119584751604137e+00 -7.650781846125979335e+00
-5.162582972310572060e+00 -2.065766204618308421e+01
-2.670824155588579885e+00 8.178746862501327541e+00
1.470288453752967683e+01 3.369769544614745094e+00
2.015563191768572793e+01 1.565784481236115466e+00
9.599767855855782628e+00 -1.390022076161386266e+01
-1.608806122574387132e+01 4.682345361144844453e+00
-8.836196689530483539e+00 1.020268040873720139e+01
-8.648741956102204753e+00 6.206076562675226782e+00
2.143023344675886932e+01 -1.134633071308107422e+00
-1.259414912140197629e+01 2.283860405038644004e+01
1.481648465781750978e+01 7.648901230291889064e+00
8.519101279149596806e+00 5.348206425347890480e+00
3.021474008650417709e+00 1.359088467807759493e+01
9.052117296278881398e+00 1.151490421867025837e+01
4.880316368545678074e+00 5.828617705127361326e+00
2.327333813237266824e+01 -7.561619170744616980e+00
2.458676140290485179e+01 -1.342102878951801692e+00
1.494057051372295142e+01 1.047430606151525012e+01
-1.329763299042015845e+01 -1.262568822058464235e+01
-1.609204044202390449e+01 -1.595085730777276112e+01
1.943559144777507441e+01 8.782739183804125105e+00
-5.880078816731129088e+00 8.877732042102563170e+00
2.819158368532490400e+01 -5.071118622346793003e+00
-1.216316833612038195e+01 1.057267982002626105e+01
-2.117215628171573272e+00 -1.623711672001411799e+01
-2.039941248195059842e+00 2.547547089989253610e+00
-1.227674179218059081e+01 -2.224945840053148771e+01
-3.902538730429997571e+01 -2.598275297921278693e+01
2.727588099192133519e+00 4.291555242365878264e+00
4.560151475114272657e+00 1.208659202354887086e+01
1.399808552580598331e+01 5.511637510179428823e+00
-1.054266034474529512e+01 -1.304643518932839008e+01
3.129255211181099483e+01 -2.984701582785925233e-01
3.004075051896509141e+00 -2.091903288026203356e+01
1.407302585654634841e+00 2.655343188100035690e+01
1.565641306442448588e+01 5.539425866417889921e+00
-8.873956148572226255e+00 -1.269191621552594818e+01
-1.235842643479757541e+01 2.016297307928363480e+01
1.216123043728960340e+01 6.295980516444379393e-01
-1.137444141504380468e+01 -1.512866509801282611e+01
2.983286239016745967e+01 1.962672518029501489e+00
-1.060553660778150231e+01 2.735433260315433657e+00
4.892676853387163405e+00 -1.374398671871120925e+01
-1.046716393526771682e+01 7.752662005376032894e+00
3.926401082308577650e-01 2.329211742738199309e+00
3.817661172732749630e+00 3.303593771634558696e+00
1.018068200033437343e+01 -1.586440897545465134e+00
2.646853925391527085e+01 5.574594213831425726e+00
5.477138952610172140e+00 4.677497651554434199e+00
-5.607505921966408735e+00 5.506788945069578389e-01
-4.195688417168496720e+00 7.801826098946389898e+00
8.385386626416330147e-01 -1.751179513643745622e+01
2.215216781524819822e+01 5.880853715691452877e+00
-3.386131242778640527e+00 1.361767741450074176e+01
8.514688504607687003e-01 3.331111645192490300e+01
2.322578388754962120e+01 -2.461589845934479825e+00
-1.663533951690495982e+01 2.507326286557344375e+01
-1.045875719502793189e+01 2.721963098009312798e+00
1.605768588544477282e+01 3.637062844951298946e+00
1.391992874347700804e+00 1.497388683378165553e+00
1.499069190163415044e+01 4.668265624259392510e+00
1.294223123275291820e-01 1.875970800623016643e+01
-5.282399048224426963e+00 1.445685974561698472e+01
9.991708342123260422e+00 2.033761581774167215e+00
-2.582237771851456642e+01 1.354721469858574068e+01
-3.304636178033682370e+01 -1.775370762589655627e+01
2.676698360059010628e+00 1.027840827879212604e+01
2.742416431938488586e+01 -2.467471496607567705e+00
-1.707991642723017378e+01 -3.691251965594763540e+00
1.465925847719258002e+01 -1.659882786691043677e+01
-5.446447779029863767e+00 8.179567971019610084e+00
1.364547862502606890e+01 1.360105817500155911e+00
2.934979601205980337e+00 8.390605015800424837e+00
-2.509269589468766881e+01 -1.343558792456931172e+01
3.784976736412356324e+00 7.400066871811925573e+00
9.979253899013031059e+00 4.429355492034118491e+00
9.012042493603665827e-01 -1.336747737786683565e+01
-3.613217643960902059e+00 2.151141883103193209e+01
1.172036494474279067e+01 3.398295668227933053e+00
2.069200894447321204e+01 -2.538048841269489930e+00
-2.050323252542226626e+01 1.052411111816765654e+01
-1.196697980465968492e+01 2.055906719851883935e+01
-1.426474306455054197e+01 3.281263118592889327e+01
-2.574514219357801004e+00 -2.015452570224983120e+01
-1.202579723145254409e+00 -9.806648109012151338e+00
1.665371446692638102e+01 -1.050494514962961503e-03
-2.992043222580118922e+01 -2.352215105468397027e+01
2.205115905592819558e+00 6.453571369663124280e+00
-6.453149752176357445e+00 5.882569298426538751e+00
-3.973888834626961852e+00 -1.702231391177084419e+01
3.863678863392058016e+00 2.631597858935577072e-01
2.122982481647447628e+01 -4.022159781581131632e+00
-1.237986672507596886e+01 2.644127826355896360e+01
-3.455192015665971006e+00 -1.369741414087285669e+01
-1.066992164622554462e+01 -1.333604689308862667e+01
-4.425204319047582047e+00 7.058821532686472722e+00
2.348449957744892913e+01 -5.310346750254132608e+00
2.516243175051689107e+01 -1.092636226381313946e+01
-6.347287441602466052e-01 7.911101520796901987e+00
4.117826384160713893e+00 3.917386379636419225e+00
2.715493708076165191e+00 1.240723097335101244e+01
2.169936518361038580e+01 -5.508735706409649602e+00
1.918093204922224970e+01 3.208797758755172591e+00
-5.150385628335448551e+00 2.106621696598776339e+01
-1.585106382050455842e+00 -1.985844402484830695e+01
-8.356717922910283036e+00 -2.120103311324582407e+01
-9.137370298305398819e+00 2.677448330116959152e+00
2.976236324082260865e+01 2.247321706994951818e+00
-1.035608850356764810e-01 2.458373926460292846e+00
2.244864572890276122e+01 -8.579324330618948835e+00
-5.916490606013978137e+00 1.110431989469141811e+01
6.522722442133297882e+00 1.433310316716047872e+01
6.784956976350295932e+00 -1.083236510888506210e+01
-4.154436784581962971e-01 1.307106942743020994e+01
-2.660869359013569735e+01 -6.952219767448083232e+00
2.198005972642658890e+01 -2.661602896941265950e+00
-2.206717195526556541e+00 -1.497548759856045564e+01
-1.163106527144904145e+00 -1.412904311856277140e+01
6.162535582634129483e+00 6.001551712818892881e+00
-2.420563634419330867e+01 2.221502245389961416e+01
1.237220231242086577e+01 5.411681883435712770e+00
-9.624886627376941561e+00 1.532736079303415622e+01
-2.017280231853995076e+01 -9.783171073497566539e+00
1.215809111962738243e+01 1.256239537745455381e+00
2.226944735376333639e+01 -4.077340102693042923e+00
1.850484830690146154e+01 -1.575013382219999691e+01
1.022961167710332653e+01 4.513525548390368236e+00
-1.261142711082174017e+01 -1.548898919652354600e+01
-1.654360959175173917e+01 1.819763243896138505e+01
-1.159628845248769302e+01 -1.700569120036313109e+01
-2.816971523939833855e+00 9.386075941294965475e+00
-1.631980832966968009e+01 4.378764445923023274e+00
3.367788122004657048e+00 6.462521434014852240e+00
1.591802063583191718e+01 8.408113893960281193e-02
-1.097887643575892547e+01 6.357536738422432165e+00
-3.887732494894862612e+00 5.577278177207268151e+00
-6.572667031140318805e+00 1.043328643309288983e+00
8.051350498478289097e+00 3.538690592676946078e+00
-1.144438115747697937e+00 1.107349896869448180e+01
-2.361821378432648610e-01 5.476735246289746506e+00
-1.282049006998154006e+01 1.290783496939822506e+01
1.869159044565135375e+01 -2.540709402850577781e-01
1.968736917985804524e+01 -2.810663313968219335e+00
3.399496164229319550e+00 -7.612483546026449055e+00
1.043993052128530685e+01 2.831269511939806360e+00
-7.265652381625500311e+00 -1.821970000884290286e+01
-1.930971206334855417e+00 -2.110767073600604959e+01
2.662320463238969737e+01 1.161238550177905893e+01
3.136988290905238941e+01 -1.289401839313419806e+01
-1.298334061785664417e+01 3.648928163040259420e+01
2.760885732784956659e+01 -2.215406749952202325e+00
-6.491578363552151565e+00 6.139803903700511434e+00
-4.333943031162090342e+00 -2.588903268115656520e-01
1.641553761531470457e+01 1.297167606782107831e-02
1.190594278648772075e+01 1.001318790722301566e+00
2.124477221490315060e+01 -2.832681795696028626e+00
-7.357700338577410015e+00 -1.506892126049575609e+01
7.180333314387482346e+00 6.393070622352545307e+00
5.768557483018692977e+00 -1.206453712422694835e+01
7.357109379836004770e+00 6.920653103966787789e+00
1.323357818646751305e+01 1.276757651005959504e+00
-1.045258199319439107e+01 -1.774100062494498786e+01
3.786159802554017961e+00 4.317959844137794434e+00
-6.751462640478507637e+00 1.051688867836773156e+01
-2.135683890692479636e+01 2.936903804286522757e+01
1.011767988200620927e+01 -1.132269490261560918e+01
2.372181940028573521e+01 1.368938974343068216e+00
-6.119225307026613381e-01 -1.748816793769476519e+01
3.013911314584222723e+01 -9.056994699243268165e-01
1.955570398420589484e+01 2.818095578795554168e+00
4.111376062011814270e+00 1.210800731201642044e+01
2.054621064704833966e+00 4.626690700696078018e+00
4.269301332276598693e+00 -1.540717795649067945e+01
2.220710854849281901e+01 -5.940333943476027834e+00
-1.145414312903921861e+01 3.778794079523336347e+00
-6.362677915233232895e+00 -1.276386744736243628e+01
-1.849318010938871737e+01 2.109157898254806440e+01
-3.297173944103207077e+01 -1.020191011942342918e+01
2.837448458079946612e+00 6.311688868382609563e+00
2.125755060505856875e+01 -5.366632233144259523e+00
-5.245127659387827102e+00 1.072895259047240302e+01
1.021571392268845635e+01 4.309542372081149431e+00
-9.386162853125593841e+00 2.095157114794093722e+00
-8.321382154082558102e+00 -1.404333443726322628e+01
-2.653564306824361285e+00 -1.155081688456290445e+00
2.234321806216079054e+01 -4.214281695476254974e+00
1.143478942882477511e+01 6.217202309967874818e+00
-9.877155963512914028e+00 7.288142739622986532e+00
-3.445644836081822149e+01 -2.554448908096343374e+01
-1.569038575751188880e+01 1.471399406231252271e+01
-7.758900079129992911e+00 -1.394536367840059654e+01
-2.518714203400919782e+00 -1.730751126050769173e+01
-6.739111790716779460e+00 4.058011879785615506e+00
-7.804043167764676880e+00 2.024941271263326070e-01
1.006742250845396591e-01 9.235408581297054553e+00
7.118015846470431285e+00 -9.609459435519509540e+00
1.311801250708939293e+01 4.728805706062068737e+00
2.699971577908597808e+01 2.438643766340617525e+00
8.823742455035779031e+00 -1.767408107788740068e+01
-1.188624173404332396e+01 4.023800614497518247e+00
-2.577643211417815650e+01 -1.876254250612337060e+01
-1.512387190074998777e+01 -1.462207089609163368e+01
8.607715947505113485e-01 -1.634559272418018949e+01
-1.310430621698339060e+01 3.742369887840424347e+00
-8.039093482889045461e+00 7.595678561844795951e+00
1.947359384993626463e+01 -2.875369572180793920e+00
-8.851640151613759500e+00 2.322917437344062819e+01
-3.672992333915285901e+00 6.033182927978255172e+00
2.840395350456697887e+00 -1.509799207777341756e+01
3.314805296529994649e+01 2.699940436953993217e+00
-1.431074598450888402e+01 -1.254122853944221561e+01
1.350103254410444187e+01 -3.752379873394646737e-01
-1.206730690160427999e+00 -8.955379456060658327e+00
8.902815519893000129e+00 8.039194674570422805e+00
1.414163443301087497e+01 2.629539985094334842e+00
6.259985378178430260e+00 6.090127486305321192e+00
-8.376014998992818761e+00 5.969142181737544739e+00
1.863534799295909394e+01 6.943282986786593725e+00
-8.539342827203901365e+00 8.911743403482182302e+00
3.174976026809503971e+00 7.408209557991229488e+00
6.853729928232550783e+00 1.035449522746834994e+01
2.682606114577213674e+01 5.607680403348099141e+00
3.388395089790133596e+00 -7.413017442110959365e+00
-2.538563217745447886e+01 2.375576428563120501e+01
1.920791792448059754e+00 -1.569105423214758588e+01
-9.031769869254375749e+00 1.769947200732062953e+01
-7.418683699214666305e+00 -1.063941278366518084e+01
-3.130092886648011330e+01 -1.948372633951842792e+00
1.942681094097577343e+01 4.549339871955076831e+00
-1.517880788529545733e+01 -1.413163505852149626e+01
-1.281451063828412629e+01 -1.851557860754241247e+01
-1.631318932664506605e+01 -1.637360842999246202e+01
4.790975771561990726e+00 3.291457642235104064e+00
-7.638401095455858325e+00 1.389528080020713574e+01
1.271946507412800997e+01 9.349407163755195427e+00
2.509310113065161829e+01 -3.490802966999015933e+00
-3.844969893676167594e+00 -1.066723289632428617e+01
8.102022061225543359e-01 -1.101294794715001579e+01
1.763177009634393499e+01 9.208175767261804978e+00
1.185557216345699061e+01 5.232157719898912207e-01
-1.305263542459898396e+01 6.695497909865030906e+00
-7.844521998801977647e-01 4.152987979157300558e+00
-2.451572348462295281e+01 -3.276152191620834930e+00
8.046157367999617893e-01 -1.220238103631878346e+01
2.403026381125911826e+01 1.179839508277388038e+00
2.857979938325684088e+01 -7.822399958846644630e+00
-2.937679039075368692e+01 -1.266698884188841134e+01
1.457968510903392811e+01 2.524927026452771894e+00
2.609610937911724093e+01 -5.516204781974725968e+00
-1.812829698905058606e+01 -1.546920353434347284e+01
6.253303523353905824e+00 4.243493287001687264e+00
9.793737557673352967e+00 -1.352892354846673362e+00
-2.757884921387042709e+01 -2.283936368569880315e+01
4.466605624695094257e+00 4.553642027188661068e+00
2.086348198008684918e+01 -5.423852424696781860e+00
5.821260610912212918e+00 7.878035928556242240e+00
-8.450444175320901863e+00 -2.066861427037491428e+00
2.412469633413093462e+01 -7.637133909591541148e+00
1.729858288885773021e+01 -3.595827630789665830e-01
1.771653259937649594e+01 -2.016541730528753185e+00
-2.247131517534906919e+01 1.036680070803385512e+01
-8.695369484446915376e-01 6.578092199583372990e-01
2.335609145111038032e+01 -1.021889033419634352e+01
-4.631464519730409179e+00 -1.751961072509834949e+01
-9.829765673213193722e+00 1.212364675175128070e+01
3.242743829395679711e+01 -1.433144513691642086e+00
-2.495663349202872361e-01 -2.771810973440558712e+00
-9.632719637967520399e+00 -5.590750146174236157e+00
2.140652889200067577e+01 -6.393001656031228386e+00
3.328842615919036074e+00 -1.180569877289308600e+01
2.986771522710825355e+00 3.291426813094460169e+00
1.972801085527230436e+00 1.010016575865028798e+01
2.743999889942358905e+01 -9.923530118367713371e+00
-1.391095557925829596e+01 1.270288413829495422e+00
7.501031179621305611e+00 2.461866794912134004e+00
2.841681575901019841e+01 -1.362669530867013812e+01
1.479114392187203819e+01 2.154820776960737927e+00
1.359742471215510484e+01 1.563540088454812960e+00
-7.765665093170754929e+00 2.445511510600713478e+01
-1.279180516947635127e+01 8.266500359547473309e+00
-2.497840442368370972e+01 2.228246448382393652e+01
-2.120679757724203540e+01 -2.760706519089227484e+01
-3.848644090183384048e+00 -1.122591610224704795e+01
-4.278521147730343976e+00 -6.384258006555123544e+00
-8.042207790491755048e+00 -1.573313514957487058e+01
-8.593213118666254147e+00 -1.051483328649134386e+01
4.146527018250774965e+00 8.878886942669550919e+00
1.724662223724252996e+01 1.126960994543325878e+00
-1.128859268845190300e+01 -6.532315825548651311e+00
5.756152794060104050e+00 5.474264897373278593e+00
-3.792400212237323842e+01 -2.968589349322776627e+01
2.587201703085439064e+01 -9.916042079472694226e+00
2.072841686963655761e+01 -1.547011664055998992e+01
8.799359292103847707e+00 4.065000306910952155e+00
-1.164318384914963111e+01 1.044754018665575934e+01
-1.439628731266797956e+01 1.986894461507045406e+01
-2.677309238334305785e+00 1.850500627470061055e+00
-5.295644902180432823e+00 -5.062031468300663306e+00
-1.240655316261574370e+01 1.995468642183931252e+01
7.920098446788293778e+00 -3.240380709396577519e+00
-7.987295499191613857e+00 2.577839703580468012e+01
1.019199589276436235e+01 3.873831789502899525e+00
-2.159353501452914514e+01 2.201526929332246851e+01
7.862822273814009222e+00 -1.264957163639673787e+01
1.275077975946273234e+01 7.100591331576914023e+00
-1.002125826054268209e+01 -1.346701880022139797e+01
2.987359299761998344e+01 -3.310323825624704952e+00
2.339766795958482959e+01 -8.157960166480505038e+00
1.901752968215309991e+01 -9.916058503174148830e-01
-1.373289508436477391e+01 -1.869407944547075218e+01
-2.163774536984922392e+00 9.054115520439090403e+00
1.970232990785747518e+01 -2.607620320300024108e+00
-3.709172007615263222e+00 4.139863133845137710e+00
-5.053024181405003645e-01 -9.928473972567397610e+00
1.995860467137213590e+01 -3.251027702802626429e+00
1.296090817671756046e+00 2.547164621098711557e+00
-2.387973926917279499e+01 -3.349915275223615652e+01
2.369407157643763084e-01 -1.386752593508611220e+01
-5.484794833351194221e+00 3.016580517153924390e+01
-1.294002691603915167e+01 3.637606708529446564e+00
7.539125359272325966e+00 1.065560308519009292e+00
-5.215452609909941195e+00 -8.522016509892443636e+00
4.670273533953418266e+00 -1.827853978032180970e+00
-1.126782869839610512e+01 1.586691037326326459e+01
-1.119626052042087094e+00 -1.256225166570126817e+01
-1.741782916115543201e-01 5.273060508526336676e+00
-3.496341106829747858e+00 9.741767802358838324e+00
1.221836706045472454e+01 1.853829643078901412e+00
6.286058610989631923e+00 7.024115674884055416e+00
1.833403983355884748e+01 -1.588362496324009943e+00
-3.064826930798220328e+00 3.999725020663717601e+00
-1.704663026934031933e+01 -7.792444419982871295e+00
-6.264826621213262392e+00 7.363113321411783652e+00
8.886771972345172799e+00 -4.246128386802789922e-01
-7.100057358152231046e+00 -1.898367522399920304e+01
-1.004452942983066777e+01 -1.028264770605333034e+01
-7.393058862531654896e+00 3.769253388905325686e+00
2.321482664412796382e+01 -2.741003690398006398e+00
3.850336510278015378e+00 5.933316062531027058e+00
-7.365671489141013772e+00 4.072744397979970898e+00
1.069576767317474308e+00 7.466476988411969717e-01
2.198782852004394783e+01 -5.732692879157660570e+00
-6.137642341495752163e+00 -2.521137381699631419e+00
5.479991326072727986e+00 -1.872259968423144727e+01
-6.921765052577740995e+00 -1.235976515839172230e+01
-2.900436559676687764e+01 -3.291982601336104874e+00
4.032782612060826999e+00 -7.955557741274922101e+00
5.475300662892006898e+00 5.445333466996904015e+00
-3.074467674501086378e+01 -3.010687297274137819e+01
6.529748239049690817e+00 -8.065272638119971305e+00
-2.277155166380336482e+01 -2.465881852881598846e+01
-1.214766731907621278e+01 3.010747835778575521e+00
-2.779761898113253693e+00 2.549265432798038233e+01
1.287554886989443759e+01 7.313892939720012087e+00
-7.275286999167770219e+00 3.095558660602778289e+00
-6.403974199129483513e-02 3.130610185480110275e+00
1.098744218115232663e+01 -1.471289260333780646e+01
1.679534186262320716e+01 9.231853046991759015e+00
-3.286784550819739081e+00 3.576576029713749882e+00
5.790657553871501939e+00 2.156607669626736445e+00
-3.334796393562367012e+00 -6.760320890438815233e+00
1.279843224562276127e+01 6.739297343825142450e-01
-9.415462487531479852e+00 -1.505271574368033072e+01
-1.415138763510001496e+01 4.819657708242541250e-01
-1.011404008277485111e+01 -1.673651265207894667e+01
-4.569048431084355322e+00 4.298649386054944621e+00
-1.493695811956928132e+01 6.213791735090063106e+00
2.115041982080389626e+00 1.809702425361725098e+00
-5.029493326552703536e+00 -1.972174590868013055e+01
1.763872908502194647e+01 -6.847713529056952408e-01
-5.573023482007108065e+00 -1.550841770283306964e+01
5.070792180796835247e+00 -1.271027448874690080e+01
-1.081929673572945738e+01 -9.165093831764350440e+00
2.355229474906628084e+01 -7.407568974220483327e+00
-1.384154847782685493e+01 9.188336661938869554e+00
-1.238477431185908983e+01 8.197712814033473183e-01
1.233054398506367377e+01 1.769832616094312971e+00
-6.300129930118596455e+00 2.077521912173217089e+01
-2.347983195403610068e+01 -6.548314256386702503e+00
-2.011760771216987109e+01 -2.063960523081521004e+01
1.994839968191681479e+01 -1.073214680286777423e+01
-9.129067137606536875e+00 -1.862800488491287254e+01
7.269916423491701529e+00 -1.057116963800920928e+01
2.891246391173876162e-01 4.943844773953568250e+00
-6.022644908427064792e+00 1.146930779629671449e+01
1.844126599473986827e+00 7.537464080496756313e-01
-4.858137425666548381e+00 1.260873492808483931e+01
8.299894087155907485e+00 -1.270558164619725794e+01
2.903303795222023709e+01 5.641071997917562975e+00
-7.711923036215656779e+00 1.563569414492501686e+01
6.656139742151440331e+00 1.136245682152487291e+01
3.198890608071969410e+01 2.708822678993826560e+00
2.222450757056830994e+01 -6.126399636663890647e+00
6.293479952119450438e+00 -8.492235339357449675e+00
7.364223886034926281e+00 -1.739981432688290086e-01
-1.918709109275690849e+01 2.304390536912449150e+01
-5.211779350075946837e+00 -1.777571076730968258e+01
1.302369469196790064e+01 -8.473353436630349789e-01
-1.301600156802535491e+00 4.859415624932615814e-03
3.280063326107006683e-01 6.956255718362069906e+00
8.938843565669410296e+00 -1.035338146921957581e+01
6.447604831920333623e+00 1.298972416537377228e+01
-1.263290043561680731e+00 1.218710570532103743e+00
5.833999481720590019e+00 5.280683190105007085e+00
-4.161295603574161284e+00 -1.177741741672595843e+01
-4.085228379571080204e+00 -8.313514025124776552e+00
7.594639177541028907e+00 -1.739213144093744035e+01
2.961654633399090630e-01 1.537548200714311752e+00
-1.864691332453811512e+01 -5.184776798858509395e+00
2.252615076456770282e+00 -1.692673604508050644e+01
-9.830818924556814054e+00 -8.752219603219883126e+00
-1.010629165548560238e+01 6.008123321100141467e+00
1.370098413976288576e+01 -2.218765500043669459e+00
-6.453998918011934371e+00 1.233011532070854344e+01
1.897877800858561059e+01 -4.033940192433036920e+00
-8.485965075139672464e+00 1.022801913463751156e+01
-3.491278722080119135e+00 -1.314144856609721579e+01
-3.458981836608298011e+01 -1.888656501428607726e+01
8.037227421338959399e-01 -6.034031891205020592e-01
2.657399154059585555e+01 -7.235113327759944424e-01
-1.603572577829408985e+01 -1.608819015106740125e+01
-3.225731536793854382e+00 2.658143561229604934e+00
-8.191183584601049006e+00 -8.128561833036537010e+00
5.493355832598584287e-01 7.093308943368192843e+00
5.874063257727497600e+00 -1.535925037009823058e+01
-4.774976021962572759e+00 6.041648843973603356e+00
-2.762167544582728951e+01 -1.800551395594321136e+01
-2.202813095079761041e+01 1.030053275043916905e+01
-1.414909668595947023e+00 4.046629575356122999e+00
-2.470364143227256548e+01 -2.552429301228918490e+01
-7.526067615531747634e+00 -1.281045909489977319e+01
-1.930334194386603031e+01 1.086391925699329164e+01
-1.581846185450430653e+01 7.229596021883154755e+00
-2.198832984235817634e+01 8.616673570272816107e+00
2.837528952857889752e+00 2.452725222958584084e+00
-6.799256425175685514e+00 -9.261341870350196792e-02
-3.106608435174667449e+01 -1.539632882960039240e+01
-2.921211099231518782e-01 2.427145091622355810e+00
-9.025312924253684699e+00 2.289945651103790225e-01
1.771453862583719285e+01 2.787498125582069886e+00
1.460971343284469803e+01 2.413268889484609936e+00
-9.615441735085898500e+00 4.703435459094897908e+00
-3.623987536787034003e+00 -1.779371108617619868e+01
6.013876322766529725e+00 -7.267339616728027529e+00
4.347682475982829864e+00 7.470625985686893955e-01
-2.075435529566829018e+01 -2.757304448196559399e+00
-3.476402431647820368e+00 -1.274826079322133943e+01
1.061760023962263588e+01 -1.257800376295493905e+00
-1.798641762859804061e+01 3.980225782415844460e+00
8.820727658568086937e+00 3.512698450678934492e+00
-3.384342052092537045e+01 -3.401542416305230887e+01
-1.108319004098144411e+01 -1.407186090768432685e+01
-3.009801089737951330e+01 -2.055857750343960078e+01
-4.953618091367574472e+00 -1.768059463121989339e+01
-1.496960621240164535e+01 -1.562824310073098744e+01
1.818546124820894505e+01 -2.370638725133965341e+00
4.762944210364405961e+00 8.247889946282471740e-01
-8.796617590185947577e+00 2.848874061419250481e+00
7.997899204901500525e+00 -1.062697621011851190e+01
1.107300915916850670e+01 -6.614268714836556429e-01
-1.274251512865815883e+01 1.003393610592877039e+01
-1.553673613898022232e+01 -1.025562286885313057e+01
-2.365155656673998408e+00 -7.873150061679687894e+00
-1.354217629766843167e+01 1.385151310555264459e+01
-5.399904108279713455e+00 2.239879727349213034e+00
-2.125247930400502128e+01 -1.572436214632867824e+01
-1.426716398047737748e-03 5.121477556479582915e+00
-1.813512869490394053e+01 -1.375646580241749239e+00
-1.392265373962513308e+01 1.536800985952898158e+00
-7.964054496301653074e+00 -2.069983217266378617e+01
8.600846521626996477e+00 -1.050726605596701013e+01
-8.774068195453059715e+00 3.355954517408048954e+00
-1.210583620760046664e+01 6.663148683112448012e+00
7.016411647724977163e-01 -1.113573118846693610e+01
3.442507161483701950e+00 1.217872352326709340e+01
-5.830806868324854619e+00 -2.005369589867255442e+01
-2.367999897730621939e+01 -1.657779399349391625e+01
1.986977168354485812e+01 -6.727677865336636920e+00
-7.729720237019671591e-01 -2.168467404491781281e+01
-3.897213529518106512e+00 -8.295089621893595222e+00
2.115266942559310248e+00 -1.140754814646560078e+01
4.630748202297003124e-01 -4.895137388403075107e+00
5.367436950824921560e+00 -1.301563516596517367e+01
1.214195527709544198e+00 4.386403429716786428e-01
1.719188769425580077e+01 1.245147400376785463e+01
6.385656914179143051e+00 3.826443104262684081e+00
-1.092846318525190341e+01 -1.580076245852453098e+01
-1.000518329150836605e+00 -8.362473486013522361e+00
-1.350315969907862979e+01 1.965072411870020375e+01
-1.878924660013468895e+01 -2.393666303071301371e+01
2.318715561991170659e+01 9.202459989565543452e-01
1.814335304893459977e+01 1.595068245081440628e+00
-1.074583181279458444e+01 -4.529248890000365790e+00
-8.969557923423037593e+00 -1.617357227065139469e+01
-1.126764487784153346e+01 3.151083447685631533e+00
-8.086277957874864697e+00 -2.287651566078968557e+01
-1.329508443616588664e+01 -1.218611587622572401e+01
4.410211549701616995e+00 -8.170889404827962110e+00
-5.372090739946043136e+00 -1.168872620183425504e+01
9.316144535487524081e+00 2.947032762036319031e+00
-1.153902080266903241e+01 1.137771645896699901e+01
-9.823154744834335261e+00 4.681742866361766175e+00
1.950344799696636100e+00 8.789292087589249292e+00
5.404749859352652841e+00 -1.465623636784167161e+01
-1.000919319294501975e+01 -1.304490256867876319e+01
2.428601624810162463e+01 -8.717096739249878823e+00
1.707145099617127126e+00 -1.301407847703976373e+01
-9.282446885402485748e+00 -1.105135956895494331e+01
1.445282605128721265e+01 1.603500383264282680e+00
4.128598097583878079e+00 -1.352873928092963318e+01
-2.157481921751070786e+01 -3.609210336369619654e+01
-2.028006065457980611e+01 2.429112443695928381e+00
-8.158951865309839846e+00 -1.000247224123292611e+01
5.799372417331615459e+00 -8.523093808629617740e+00
-2.117698859154081248e+01 1.263652627555525543e+00
8.712658662660796693e+00 1.187777084575152209e+01
-1.015581502421791882e+01 -4.743062036544324123e+00
-7.631875579547802602e+00 -1.144960575596625851e+01
-1.105200568812424144e+01 -1.934076551968849866e+00
5.051925541307796585e+00 -1.819034466178944953e+01
8.802484868288370734e+00 -1.541477976489627544e+01
-2.403224578946939261e+01 -8.503229015823189130e+00
7.151310198817384389e+00 -8.160972756599640832e+00
-1.693265777123670546e+01 9.267764555331218901e+00
-3.884838620588998648e+00 -9.956866285269985184e+00
1.222794851544869488e+01 -8.196172903670227994e-01
-4.836647602434676063e-01 2.410333297910287165e+00
5.286664431102993333e+00 2.763877847974730351e+00
-8.082283069529615505e-01 -1.548313040849421895e+00
1.106152634062321027e+01 -1.502784936701860019e+01
-6.480540004198010351e+00 1.211094332635259674e+00
-4.601925040971883707e-01 -1.153634319303198019e+01
8.098670265835815840e+00 -8.268468781599915829e-01
-1.487955122620925108e+00 -8.938361978881331993e+00
-9.800371853017372459e+00 1.537269093094259631e+01
1.229108281046850415e+01 9.635507935442674921e+00
1.941902168151269592e+01 -7.850379830253546576e-01
-2.776336512000992229e+01 -2.848446514257174655e+01
-1.277331216846544315e+01 -6.399606300373487322e+00
-2.998272728249444352e+00 1.491082775134427774e+00
-3.284388760312372924e+00 2.959854543472864030e+00
-2.367847251945218445e-01 -1.468142188871932774e+01
1.075102735507783258e+01 5.125988683402165513e+00
-4.548492086750797192e-01 8.414831190105536152e-01
-1.688611959620563496e+01 1.029167934791000683e+01
-9.679858924016967237e+00 -1.244754821399112998e+01
-1.481076166266669158e+00 3.742030263965927528e+00
1.759184938615627303e+01 6.705537645355446053e-01
1.201180958640824414e+01 -2.790413605465723368e+00
1.116044230827539074e+01 9.081793276768189926e+00
-1.680943902917124078e+01 1.370588903241552536e+01
5.065102249536966639e+00 -1.610688018190923776e+00
-1.181063537051309709e+01 8.609772775482131379e+00
-8.546809984796595927e+00 -5.241495224706071099e+00
2.140425289850338697e-01 5.699658196474413963e+00
1.550047378181105273e+01 -2.605068023900806384e+00
-1.402326950832993724e+01 -4.729189835582811696e+00
-7.937731875932598768e+00 1.206470123266194516e+00
8.715718013214971194e+00 6.400991809179935821e+00
-2.256323946345522202e+01 1.595299083865241307e+01
-5.703597995907691010e-01 -7.132871661436436916e+00
-2.963757322241484715e+01 -8.650491399620090505e+00
-2.447020685873649271e+01 1.779109017439647289e+01
4.386609354098315094e+00 7.310097832622106218e+00
-3.282124973038965443e+00 -3.594616682333789393e-01
-2.275409461938049915e+01 -1.750205464702431613e+01
-1.759923287365615208e+00 -6.541603412017973795e+00
-3.549440791410984453e+00 -1.337485008587198188e+01
-1.264432190111861942e+01 -1.289466184173996766e+01
1.116456725051746979e+01 6.411099870122110467e+00
2.172628186063173672e+01 -3.425768398626131694e-01
-1.400137547574949437e+01 6.626269928022137101e-01
6.389923176700182950e+00 2.789444450383008700e+00
8.585594869929101591e+00 7.491278589417696310e+00
9.270153721026995086e+00 -5.431619791199223890e+00
1.753292287282537742e+01 1.388790334572910234e+00
3.225916136004400414e+01 2.066534124176637288e+00
3.554004922170839187e+00 7.785176251297453831e+00
4.366144737066900844e-02 -1.967078913176646537e+01
1.100190789140156689e+01 7.879618919819870726e+00
-4.062839063801106931e+00 5.048822666707996731e+00
-1.053939627890426856e+01 9.879797618650969504e-01
5.657945903476158556e+00 3.061698590273751464e+00
2.590191636088467320e+01 7.690250808682844719e-01
-8.389857335129661919e+00 -7.691015964600507182e+00
-1.905187697900054644e+01 -1.567382840009281297e+00
-4.273153205745974681e+00 -1.039167202501744569e+01
2.356956913607638526e+01 -6.549060778864933541e-01
-3.920175783739824560e+00 -1.397682138885736114e+00
6.043053996590587396e+00 -2.922944282232772917e+00
1.013602845598441959e+01 6.501910509617581102e-01
6.299865845697163458e+00 -1.065263352328951107e+01
-2.873670831665349645e+00 -7.053384322741578671e+00
-1.322329303819631896e+01 2.103081413009377343e+01
-6.508878281755584361e+00 1.619553474457543984e+01
-3.197222854629758970e+01 -2.388060719657023157e+01
-9.391521925012198402e-01 -1.215333951301897741e+01
-1.583356558511563961e+01 -1.086398281356222206e+01
3.836159502905799101e+00 3.292777348818266558e-01
-6.456969862349979827e+00 1.331988799708289317e+00
8.872553025127233317e-01 -1.539691764188211853e-01
-1.327460758404785324e+01 -1.054964233947850261e+01
-4.053369372292181083e+00 8.434082551083236012e+00
-1.750179786376656565e+01 3.865241735301814252e+00
1.024192328186061651e+00 6.087903673096460189e+00
1.367418314518015876e+01 1.272679395117255197e-01
-1.087860258805027414e+01 1.289226781770050323e+01
-2.408257001517299400e+01 -2.194866643537062956e+01
-1.657824507591599428e+01 -1.358711734169751750e+01
2.439595163202131989e+00 3.384542122348050075e+00
9.694009247917946936e+00 5.138695920417046814e+00
-1.589442791968324054e+00 3.930962406356261152e+00
7.000961224635954494e+00 7.385123980681267852e+00
1.988676648486115184e+01 -1.879090693452957428e+00
-8.749015206148399670e+00 -5.246367569385678387e+00
9.832439872215838150e+00 2.708826749550429014e+00
-3.107423869914818226e+00 -9.050512725328751173e+00
-2.142734810424496317e+00 6.317730655677079810e+00
7.794747712461197686e+00 -1.765100724696319956e+00
6.669194867991007136e+00 -4.148065524826958672e+00
-1.275104176577592519e+01 -2.533107316681631804e+00
-1.203810853674188053e+01 5.661298517646234929e-01
-2.380788098641244233e+01 1.907066572572765750e+01
1.546690740131263730e+01 -2.970054554621324172e+00
3.231939064266979500e+01 8.145601478180558574e-01
4.783140916138743037e+00 1.274417377311128519e+01
2.206901522719218889e+01 -5.624460456497809346e+00
-4.415564359742633727e+00 -1.420727215469749183e+01
-4.290476591655521865e+00 -3.511703973116151900e+00
-3.574322036307174155e+00 -1.457968827002579637e+01
1.107738732625569256e+01 1.345141437636522319e+01
5.328784251293974705e+00 8.989116333297559880e-01
-5.277418461215616752e+00 -6.943634823652117483e+00
9.885606233310327839e-01 -1.137675924623307289e+01
-2.581710727940969718e+01 6.964032008736824153e+00
2.443969137705444084e+01 -1.508882163774435448e+01
-3.005293108374772260e+01 -1.862851649235708251e+01
6.363450260669003988e+00 1.401218638905846525e+01
1.107876858827805933e+01 7.093919496490465049e-01
-9.266216186151055467e+00 7.017849228480130819e+00
1.763301262083808041e+01 -1.479897068073028787e+00
2.460403978031361660e+01 -4.414847489237996747e+00
-2.434218949038430058e+00 3.902215945440782097e+00
-2.469074205082044671e+01 1.018789038785330625e+01
2.188556120734272969e+00 -2.020032723060577950e+01
-6.070801309524479272e+00 -5.368601171726278487e+00
-2.946782109350268897e+01 -1.684154558467719909e+01
1.290940777979066212e+01 -5.822495477802498431e-01
-1.486395191475666167e+01 3.171819772948023530e+00
1.733586511914295514e+01 2.439175164001967100e-01
4.241259718617425456e+00 2.642284687837611612e-01
-2.394625315129074394e+00 -6.264371570004651169e+00
-1.056584271199162650e+00 4.012509647642317212e+00
-3.333315204918950769e+01 -2.969553920579352280e+01
-1.080360155886729956e+01 -9.363279271443175844e+00
-8.807434872054994202e+00 -6.341998512811739985e+00
9.758778999722238723e+00 5.692136277376667053e-01
1.900497338455052443e+01 -1.402028811066312919e+01
5.504522195084462055e+00 1.537322544956864157e+00
1.445951117527538443e+01 4.015570423844356363e+00
-5.517582599528950027e+00 -6.921775852874763935e+00
-1.051346705532758996e+01 9.420196809850294173e-01
-1.733595439776991753e+01 -1.868032683990541543e+01
-2.630755137401614263e+01 -1.122029797386695549e+01
2.607593075348604117e+01 -1.350458429078805089e+01
1.866625826053481774e+01 -5.856214808617475676e+00
4.814871045304337294e+00 -5.508480394822388604e+00
1.679604335078463251e+01 -1.213990696070227582e+00
-1.146409528287946422e+01 -3.842436428884643540e+00
-1.013844571795404725e+01 3.188748544735215162e+01
-7.275944280863972935e+00 4.912925748297228168e+00
8.999271224354830068e-01 -1.963145153680270738e+01
-7.286132810590180142e+00 -6.455491106483701280e+00
-2.086474158380969968e+01 2.343532928473891630e+01
-6.393791848188698168e+00 -9.328981035813226796e+00
-1.713779817731670363e+01 1.406396123214329386e+01
-1.316376008578549062e+01 1.801922407760999434e+01
-1.724648361998477242e+01 1.276888880423035921e+01
-3.515556439196677818e+00 -1.001763421016009481e+01
-1.371596399055863102e+01 -1.408911119147615842e+01
-1.485980956677494191e+01 2.851688545900992366e+01
-8.657269946579429387e+00 -1.323803201023322806e+01
-6.967371309891953857e+00 -7.040894416408920442e+00
-3.240753727966885211e+00 -8.927381204651227975e+00
6.631490070110902302e+00 3.726867505211023168e+00
5.020666933581224844e-01 -7.959253490484632820e+00
1.248724857451400938e+00 -8.054214902682362620e+00
-5.897090536573414532e+00 2.776355056393897236e+00
1.620310444933757665e+01 1.939382716900457659e-02
-3.305321363867587792e+00 -7.248138152955551305e+00
5.289248294329769173e+00 -8.152254423176156450e+00
1.203777350695679438e+01 -1.595765760343046402e+00
2.252076739298755825e+01 -4.459587777045800117e+00
2.850612893300407125e-01 3.473506452037210757e+00
-1.740388164842082119e+01 9.249970264082243432e+00
-1.236577766162436198e+01 3.657297064965253419e+00
3.361096489567627543e+01 1.100539712735628051e+01
2.335684234557253447e+01 -6.542659778711219509e+00
3.440151404046311967e+01 5.397060046391649601e-01
5.654207530491587086e+00 3.971815041594990436e+00
-5.754440570933309296e+00 -1.657395163659721948e+00
6.088107046349600537e+00 6.963639379622493797e-01
-1.655608397933042930e+00 -1.336018589551504476e+01
-1.235069996530691583e+01 -1.995173839247634007e+01
1.998710935005705025e+01 -4.621688381186129235e-01
1.681302175057231008e+00 -3.917603962124117434e+00
-5.552935522748310149e+00 -1.802459882224634669e+01
-9.072559844025350984e+00 7.004411075853493429e+00
1.602011103265026648e+01 6.355514068490565549e+00
1.243153494689281402e+01 1.300323408856695551e+01
-1.269422578826918224e+00 -6.359386868755482425e+00
-1.222896147703429026e+00 9.021931652914698674e-01
2.353972116207302179e+00 -1.263569570289847732e+01
7.653432157126103696e+00 8.509775429870419572e+00
-1.719546306613208841e+01 1.709560430785553820e+01
-1.024925009786849017e+01 1.942370343800174481e+00
-1.532514418097857423e+01 2.172153366683012177e+00
-8.611968934154091926e+00 -3.107619504704582702e+00
2.389337083466893219e+01 1.064991836477507725e+00
2.655866182948244258e+01 -4.747028138544647780e-01
1.454838297841050121e+01 3.228906018366459740e+00
-2.676511432833764137e-01 -1.366200644678494491e+01
1.175780432678723209e+01 -1.612780605445425508e-01
1.832815428391386092e+01 -1.808740605371637944e+00
-1.677090626393519557e+01 -9.503579837819723153e+00
-1.727946444206753540e+01 -7.764809194975557993e+00
1.577536224599184633e+00 -3.504964706307598377e-01
1.956235057696965152e+00 8.477507691509926779e-01
-1.690611126079758719e+01 -5.019524310274207757e+00
-1.748659042019977861e+01 -1.286467914446398808e+01
-1.401337505761301827e+01 4.504832628299944020e+00
2.719316415088913086e+00 6.373132361844571214e+00
-4.313646620677721311e-01 -1.042589101524247575e+01
2.210136203069763638e+01 -6.960483899980855149e+00
1.753972264319241603e+01 -1.252741136152838841e+01
4.612011554021762549e+00 -1.550050786050639839e+00
-7.024949971449582442e+00 -1.001541354927936744e+01
6.302085579576390373e+00 8.625966431534960677e+00
-6.456103876850523449e+00 -1.255079435180171465e+01
-8.747084627461957140e+00 5.586421334436064701e-01
-6.101174002286619213e+00 9.822712524097605424e+00
-1.297058067233766820e+01 5.643227647615740139e+00
-4.149024147862499845e+00 3.060623005811032638e+00
-9.447672838884521695e+00 2.560311553492507741e+01
1.671158350670993897e+01 -2.477839481110508668e+00
6.104961250412049623e+00 -2.983358869742575026e-01
3.943147338941324964e+00 -4.440653767125053442e+00
1.270547725134304073e+01 -3.008137559167289421e+00
-1.209016428608547500e+01 -1.021925636337685361e+01
7.407609220964437746e+00 -1.336744326090838619e+01
-2.365679617225435738e-01 -1.156331870700675069e+01
5.833118648353793567e+00 3.064258259269387441e+00
-1.358681690068925008e+01 -8.955510801433772983e+00
-2.821503408435917848e+01 -2.495998536404750823e+01
-2.187410148450498326e+01 7.188655475370217651e+00
3.228594827227888686e+01 -7.657224806941370865e+00
-1.353303331392531739e+01 -1.914591085715302299e+01
-1.349086052092937749e+01 -1.296599570597044071e+01
-1.895291209246595798e+01 -3.212338511389795315e+01
2.277459005378489110e+00 -1.082984218355179351e+01
